110101001
S: 425
000001001
001111001
101100001
010011101
100010011
111110000
110001111
110111110
110100010
110101001
111011001
011000001
100111101
010110011
001010000
000101111
000011110
000000010
111011001
110101001
010110001
101001101
011000011
000100000
001011111
001101110
001110010
011000001
010110001
110101001
001010101
111011011
100111000
101000111
101110110
101101010
100111101
101001101
001010101
110101001
000100111
011000100
010111011
010001010
010010110
010110011
011000011
111011011
000100111
110101001
101001010
100110101
100000100
100011000
001010000
000100000
100111000
011000100
101001010
110101001
111010110
111100111
111111011
000101111
001011111
101000111
010111011
100110101
111010110
110101001
110011000
110000100
000011110
001101110
101110110
010001010
100000100
111100111
110011000
110101001
110110101
000000010
001110010
101101010
010010110
100011000
111111011
110000100
110110101
110101001
001111001
000001001
100010001
011101101
101100011
110000000
111111111
111001110
111010010
101100001
100010001
000001001
111110101
001111011
010011000
011100111
011010110
011001010
010011101
011101101
111110101
000001001
110000111
101100100
100011011
100101010
100110110
100010011
101100011
001111011
110000111
000001001
011101010
010010101
010100100
010111000
111110000
110000000
010011000
101100100
011101010
000001001
001110110
001000111
001011011
110001111
111111111
011100111
100011011
010010101
001110110
000001001
000111000
000100100
110111110
111001110
011010110
100101010
010100100
001000111
000111000
000001001
000010101
110100010
111010010
011001010
100110110
010111000
001011011
000100100
000010101
000001001
100010001
101100001
001111001
110000101
000001011
011101000
010010111
010100110
010111010
011101101
010011101
110000101
001111001
111110111
100010100
101101011
101011010
101000110
101100011
100010011
000001011
111110111
001111001
010011010
011100101
011010100
011001000
110000000
111110000
011101000
100010100
010011010
001111001
000000110
000110111
000101011
111111111
110001111
010010111
101101011
011100101
000000110
001111001
001001000
001010100
111001110
110111110
010100110
101011010
011010100
000110111
001001000
001111001
001100101
111010010
110100010
010111010
101000110
011001000
000101011
001010100
001100101
001111001
111110101
110000101
010011101
101100001
011101111
000001100
001110011
001000010
001011110
001111011
000001011
100010011
011101111
101100001
110000010
111111101
111001100
111010000
010011000
011101000
111110000
000001100
110000010
101100001
100011110
100101111
100110011
011100111
010010111
110001111
001110011
111111101
100011110
101100001
101010000
101001100
011010110
010100110
110111110
001000010
111001100
100101111
101010000
101100001
101111101
011001010
010111010
110100010
001011110
111010000
100110011
101001100
101111101
101100001
110000111
111110111
011101111
100010011
010011101
001111110
000000001
000110000
000101100
101100100
100010100
000001100
111110000
001111110
010011101
011100010
011010011
011001111
100011011
101101011
001110011
110001111
000000001
011100010
010011101
010101100
010110000
100101010
101011010
001000010
110111110
000110000
011010011
010101100
010011101
010000001
100110110
101000110
001011110
110100010
000101100
011001111
010110000
010000001
010011101
011101010
010011010
110000010
001111110
111110000
100010011
101101100
101011101
101000001
010010101
011100101
111111101
000000001
110001111
101101100
100010011
100100010
100111110
010100100
011010100
111001100
000110000
110111110
101011101
100100010
100010011
100001111
010111000
011001000
111010000
000101100
110100010
101000001
100111110
100001111
100010011
001110110
000000110
100011110
011100010
101101100
110001111
111110000
111000001
111011101
001000111
000110111
100101111
011010011
101011101
110111110
111000001
111110000
111101100
001011011
000101011
100110011
011001111
101000001
110100010
111011101
111101100
111110000
000111000
001001000
101010000
010101100
100100010
111000001
110111110
110001111
110010011
000100100
001010100
101001100
010110000
100111110
111011101
110100010
110010011
110001111
000010101
001100101
101111101
010000001
100001111
111101100
110010011
110100010
110111110
010110001
011000001
111011001
000100101
110101011
101001000
100110111
100000110
100011010
101001101
100111101
000100101
111011001
001010111
010110100
011001011
011111010
011100110
011000011
010110011
110101011
001010111
111011001
100111010
101000101
101110100
101101000
000100000
001010000
101001000
010110100
100111010
111011001
110100110
110010111
110001011
ans 511
Goal: 511
3
1 1
1 2
3 1
